## Path calibrado: /media/deep/6FA9D9FE47CE4DC3/calibrado-alinua/c1510 
## PARAMETROS IMAGEN
cx 		=			640.0
cy 		=			360.0

## PARAMETROS CALIBRADO
idCam:0=                          831612070293
idCam:1=                          829212071391
idCam:2=                          829212072264
idCam:3=                          728312070655
idCam:4=                          829212072262
idCam:5=                          815412070524
idCam:6=                          836612071402
idCam:7=                          848312070429
idCam:8=                          846112070086
idCam:9=                          728312070946
idCam:10=                          848312070416
idCam:11=                          848312070090
matCam:0=                         1.00000000000000000000000000000000,0.00000000000000000000000000000000,0.00000000000000000000000000000000,0.00000000000000000000000000000000,0.00000000000000000000000000000000,1.00000000000000000000000000000000,0.00000000000000000000000000000000,0.00000000000000000000000000000000,0.00000000000000000000000000000000,0.00000000000000000000000000000000,1.00000000000000000000000000000000,0.00000000000000000000000000000000,0.00000000000000000000000000000000,0.00000000000000000000000000000000,0.00000000000000000000000000000000,1.00000000000000000000000000000000
matCam:1=                         0.79252892732620239257812500000000,0.45943585038185119628906250000000,-0.40101906657218933105468750000000,0.27719819545745849609375000000000,-0.47319623827934265136718750000000,0.04848678782582283020019531250000,-0.87962168455123901367187500000000,0.81060278415679931640625000000000,-0.38468569517135620117187500000000,0.88688659667968750000000000000000,0.25583040714263916015625000000000,0.62473434209823608398437500000000,0.00000000000000000000000000000000,0.00000000000000000000000000000000,0.00000000000000000000000000000000,1.00000000000000000000000000000000
matCam:2=                         0.75045150518417358398437500000000,-0.48068228363990783691406250000000,-0.45361477136611938476562500000000,0.33560207486152648925781250000000,0.46634355187416076660156250000000,-0.10123990476131439208984375000000,0.87879091501235961914062500000000,-0.67955482006072998046875000000000,-0.46834340691566467285156250000000,-0.87103056907653808593750000000000,0.14818753302097320556640625000000,0.73250955343246459960937500000000,0.00000000000000000000000000000000,0.00000000000000000000000000000000,0.00000000000000000000000000000000,1.00000000000000000000000000000000
matCam:3=                         0.63938558101654052734375000000000,0.06056321039795875549316406250000,-0.76649683713912963867187500000000,0.61709308624267578125000000000000,-0.02019760012626647949218750000000,-0.99522572755813598632812500000000,-0.09548386931419372558593750000000,0.11652784049510955810546875000000,-0.76862049102783203125000000000000,0.07653228938579559326171875000000,-0.63511008024215698242187500000000,1.36413586139678955078125000000000,0.00000000000000000000000000000000,0.00000000000000000000000000000000,0.00000000000000000000000000000000,1.00000000000000000000000000000000
matCam:4=                         0.82693809270858764648437500000000,-0.37470233440399169921875000000000,0.41925069689750671386718750000000,-0.70309346914291381835937500000000,-0.47006455063819885253906250000000,-0.05151097103953361511230468750000,0.88112717866897583007812500000000,-0.67610961198806762695312500000000,-0.30856472253799438476562500000000,-0.92571282386779785156250000000000,-0.21873043477535247802734375000000,1.17212283611297607421875000000000,0.00000000000000000000000000000000,0.00000000000000000000000000000000,0.00000000000000000000000000000000,1.00000000000000000000000000000000
matCam:5=                         0.82660257816314697265625000000000,0.39854007959365844726562500000000,0.39735779166221618652343750000000,-0.75484400987625122070312500000000,0.43813741207122802734375000000000,-0.01257776841521263122558593750000,-0.89881950616836547851562500000000,0.77277439832687377929687500000000,-0.35321781039237976074218750000000,0.91706413030624389648437500000000,-0.18501251935958862304687500000000,1.06354618072509765625000000000000,0.00000000000000000000000000000000,0.00000000000000000000000000000000,0.00000000000000000000000000000000,1.00000000000000000000000000000000
matCam:6=                         -0.06790938973426818847656250000000,-0.69084805250167846679687500000000,0.71980339288711547851562500000000,-1.05140423774719238281250000000000,0.99752759933471679687500000000000,-0.03395582363009452819824218750000,0.06152144074440002441406250000000,0.01466149091720581054687500000000,-0.01805996894836425781250000000000,0.72220182418823242187500000000000,0.69144618511199951171875000000000,0.38136976957321166992187500000000,0.00000000000000000000000000000000,0.00000000000000000000000000000000,0.00000000000000000000000000000000,1.00000000000000000000000000000000
matCam:7=                         0.03536371514201164245605468750000,-0.99541395902633666992187500000000,0.08888000249862670898437500000000,-0.44183385372161865234375000000000,-0.99923491477966308593750000000000,-0.03670335188508033752441406250000,-0.01347845792770385742187500000000,0.09544801712036132812500000000000,0.01667841151356697082519531250000,-0.08833503723144531250000000000000,-0.99595057964324951171875000000000,1.90116775035858154296875000000000,0.00000000000000000000000000000000,0.00000000000000000000000000000000,0.00000000000000000000000000000000,1.00000000000000000000000000000000
matCam:8=                         0.71604222059249877929687500000000,-0.02863375470042228698730468750000,0.69746899604797363281250000000000,-1.59244823455810546875000000000000,0.01341037079691886901855468750000,0.99953764677047729492187500000000,0.02726785279810428619384765625000,-0.00045239925384521484375000000000,-0.69792759418487548828125000000000,-0.01017116382718086242675781250000,0.71609544754028320312500000000000,0.61350262165069580078125000000000,0.00000000000000000000000000000000,0.00000000000000000000000000000000,0.00000000000000000000000000000000,1.00000000000000000000000000000000
matCam:9=                         0.98795145750045776367187500000000,-0.01160104386508464813232421875000,0.15432699024677276611328125000000,-1.09888029098510742187500000000000,-0.00726482272148132324218750000000,-0.99956291913986206054687500000000,-0.02863009832799434661865234375000,0.09905735403299331665039062500000,0.15459151566028594970703125000000,0.02716324850916862487792968750000,-0.98760396242141723632812500000000,1.99990296363830566406250000000000,0.00000000000000000000000000000000,0.00000000000000000000000000000000,0.00000000000000000000000000000000,1.00000000000000000000000000000000
matCam:10=                         0.86658674478530883789062500000000,-0.32233095169067382812500000000000,0.38095876574516296386718750000000,-1.31763076782226562500000000000000,-0.39779889583587646484375000000000,0.01472440920770168304443359375000,0.91735380887985229492187500000000,-0.68396830558776855468750000000000,-0.30130097270011901855468750000000,-0.94651186466217041015625000000000,-0.11546251177787780761718750000000,1.35380411148071289062500000000000,0.00000000000000000000000000000000,0.00000000000000000000000000000000,0.00000000000000000000000000000000,1.00000000000000000000000000000000
matCam:11=                         0.87996178865432739257812500000000,0.31818747520446777343750000000000,0.35273677110671997070312500000000,-1.34639906883239746093750000000000,0.36780190467834472656250000000000,0.01359229069203138351440429687500,-0.92980414628982543945312500000000,0.78639245033264160156250000000000,-0.30064651370048522949218750000000,0.94792973995208740234375000000000,-0.10506981611251831054687500000000,1.25300812721252441406250000000000,0.00000000000000000000000000000000,0.00000000000000000000000000000000,0.00000000000000000000000000000000,1.00000000000000000000000000000000

## FACTORES FOCALES
calibFactor:0=           1.0300 1.0300 1.0300 
calibFactor:1=           0.9450 0.9450 0.9450 
calibFactor:2=           1.0000 1.0000 1.0000 
calibFactor:3=           0.9800 0.9800 0.9800 
calibFactor:4=           1.0000 1.0000 1.0000 
calibFactor:5=           1.0000 1.0000 1.0000 
calibFactor:6=           0.9900 0.9900 0.9900 
calibFactor:7=           1.0300 1.0300 1.0300 
calibFactor:8=           0.9900 0.9900 0.9900 
calibFactor:9=           1.0900 1.0900 1.0900 
calibFactor:10=           1.0500 1.0500 1.0500 
calibFactor:11=           1.0030 1.0030 1.0030 
