## Path calibrado: /media/deep/6FA9D9FE47CE4DC3/calibrado-alinua/c1510 
## PARAMETROS IMAGEN
cx 		=			640.0
cy 		=			360.0

## PARAMETROS CALIBRADO
idCam:0=                          831612070293
idCam:1=                          829212071391
idCam:2=                          829212072264
idCam:3=                          728312070655
idCam:4=                          829212072262
idCam:5=                          815412070524
idCam:6=                          836612071402
idCam:7=                          848312070429
idCam:8=                          846112070086
idCam:9=                          728312070946
idCam:10=                          848312070416
idCam:11=                          848312070090
matCam:0=                         1.00000000000000000000000000000000,0.00000000000000000000000000000000,0.00000000000000000000000000000000,0.00000000000000000000000000000000,0.00000000000000000000000000000000,1.00000000000000000000000000000000,0.00000000000000000000000000000000,0.00000000000000000000000000000000,0.00000000000000000000000000000000,0.00000000000000000000000000000000,1.00000000000000000000000000000000,0.00000000000000000000000000000000,0.00000000000000000000000000000000,0.00000000000000000000000000000000,0.00000000000000000000000000000000,1.00000000000000000000000000000000
matCam:1=                         0.80266344547271728515625000000000,0.44205394387245178222656250000000,-0.40039923787117004394531250000000,0.27707743644714355468750000000000,-0.47049239277839660644531250000000,0.05669751763343811035156250000000,-0.88058054447174072265625000000000,0.81138980388641357421875000000000,-0.36656248569488525390625000000000,0.89519470930099487304687500000000,0.25349226593971252441406250000000,0.62729310989379882812500000000000,0.00000000000000000000000000000000,0.00000000000000000000000000000000,0.00000000000000000000000000000000,1.00000000000000000000000000000000
matCam:2=                         0.75333285331726074218750000000000,-0.46872511506080627441406250000000,-0.46128743886947631835937500000000,0.34214401245117187500000000000000,0.47318488359451293945312500000000,-0.10079075396060943603515625000000,0.87517857551574707031250000000000,-0.67617374658584594726562500000000,-0.45671164989471435546875000000000,-0.87757503986358642578125000000000,0.14586462080478668212890625000000,0.73507970571517944335937500000000,0.00000000000000000000000000000000,0.00000000000000000000000000000000,0.00000000000000000000000000000000,1.00000000000000000000000000000000
matCam:3=                         0.64760750532150268554687500000000,0.07015832513570785522460937500000,-0.75873702764511108398437500000000,0.61134135723114013671875000000000,-0.01244604773819446563720703125000,-0.99464517831802368164062500000000,-0.10259509831666946411132812500000,0.12333898246288299560546875000000,-0.76187229156494140625000000000000,0.07588474452495574951171875000000,-0.64326637983322143554687500000000,1.37173247337341308593750000000000,0.00000000000000000000000000000000,0.00000000000000000000000000000000,0.00000000000000000000000000000000,1.00000000000000000000000000000000
matCam:4=                         0.81734448671340942382812500000000,-0.38061180710792541503906250000000,0.43253025412559509277343750000000,-0.71423423290252685546875000000000,-0.48647820949554443359375000000000,-0.05369332060217857360839843750000,0.87204098701477050781250000000000,-0.66577535867691040039062500000000,-0.30868533253669738769531250000000,-0.92317450046539306640625000000000,-0.22904504835605621337890625000000,1.18166935443878173828125000000000,0.00000000000000000000000000000000,0.00000000000000000000000000000000,0.00000000000000000000000000000000,1.00000000000000000000000000000000
matCam:5=                         0.81745392084121704101562500000000,0.42364302277565002441406250000000,0.39025038480758666992187500000000,-0.75149297714233398437500000000000,0.43683728575706481933593750000000,-0.01438274234533309936523437500000,-0.89942508935928344726562500000000,0.77598887681961059570312500000000,-0.37542226910591125488281250000000,0.90571469068527221679687500000000,-0.19682075083255767822265625000000,1.07660436630249023437500000000000,0.00000000000000000000000000000000,0.00000000000000000000000000000000,0.00000000000000000000000000000000,1.00000000000000000000000000000000
matCam:6=                         -0.07182643562555313110351562500000,-0.65165978670120239257812500000000,0.75510281324386596679687500000000,-1.08289158344268798828125000000000,0.99725371599197387695312500000000,-0.03322984278202056884765625000000,0.06618274003267288208007812500000,0.01283216476440429687500000000000,-0.01803636737167835235595703125000,0.75778293609619140625000000000000,0.65225714445114135742187500000000,0.42049074172973632812500000000000,0.00000000000000000000000000000000,0.00000000000000000000000000000000,0.00000000000000000000000000000000,1.00000000000000000000000000000000
matCam:7=                         0.02322259917855262756347656250000,-0.99525827169418334960937500000000,0.09445202350616455078125000000000,-0.44634336233139038085937500000000,-0.99926716089248657226562500000000,-0.02598219178617000579833984375000,-0.02809131890535354614257812500000,0.11152207851409912109375000000000,0.03041191957890987396240234375000,-0.09373018145561218261718750000000,-0.99513256549835205078125000000000,1.90101552009582519531250000000000,0.00000000000000000000000000000000,0.00000000000000000000000000000000,0.00000000000000000000000000000000,1.00000000000000000000000000000000
matCam:8=                         0.62921261787414550781250000000000,-0.01455007866024971008300781250000,0.77709645032882690429687500000000,-1.63317513465881347656250000000000,-0.04028388112783432006835937500000,0.99787014722824096679687500000000,0.05130173638463020324707031250000,0.00784385204315185546875000000000,-0.77618813514709472656250000000000,-0.06358387321233749389648437500000,0.62728643417358398437500000000000,0.76578938961029052734375000000000,0.00000000000000000000000000000000,0.00000000000000000000000000000000,0.00000000000000000000000000000000,1.00000000000000000000000000000000
matCam:9=                         0.99982786178588867187500000000000,-0.01724552176892757415771484375000,0.00679006846621632575988769531250,-0.95498257875442504882812500000000,-0.01661006361246109008789062500000,-0.99628156423568725585937500000000,-0.08453759551048278808593750000000,0.17130273580551147460937500000000,0.00822230614721775054931640625000,0.08440992236137390136718750000000,-0.99639660120010375976562500000000,2.07735681533813476562500000000000,0.00000000000000000000000000000000,0.00000000000000000000000000000000,0.00000000000000000000000000000000,1.00000000000000000000000000000000
matCam:10=                         0.81698000431060791015625000000000,-0.44782564043998718261718750000000,0.36331051588058471679687500000000,-1.27078676223754882812500000000000,-0.41742739081382751464843750000000,-0.02457854151725769042968750000000,0.90837740898132324218750000000000,-0.64644968509674072265625000000000,-0.39786535501480102539062500000000,-0.89378237724304199218750000000000,-0.20701487362384796142578125000000,1.50405645370483398437500000000000,0.00000000000000000000000000000000,0.00000000000000000000000000000000,0.00000000000000000000000000000000,1.00000000000000000000000000000000
matCam:11=                         0.83538180589675903320312500000000,0.45304322242736816406250000000000,0.31126812100410461425781250000000,-1.29235947132110595703125000000000,0.32195696234703063964843750000000,0.05568435415625572204589843750000,-0.94511502981185913085937500000000,0.82650321722030639648437500000000,-0.44551098346710205078125000000000,0.88974714279174804687500000000000,-0.09934309124946594238281250000000,1.33399128913879394531250000000000,0.00000000000000000000000000000000,0.00000000000000000000000000000000,0.00000000000000000000000000000000,1.00000000000000000000000000000000

## FACTORES FOCALES
calibFactor:0=           1.0300 1.0300 1.0300 
calibFactor:1=           0.9450 0.9450 0.9450 
calibFactor:2=           1.0000 1.0000 1.0000 
calibFactor:3=           0.9800 0.9800 0.9800 
calibFactor:4=           1.0000 1.0000 1.0000 
calibFactor:5=           1.0000 1.0000 1.0000 
calibFactor:6=           0.9900 0.9900 0.9900 
calibFactor:7=           1.0300 1.0300 1.0300 
calibFactor:8=           0.9900 0.9900 0.9900 
calibFactor:9=           1.0900 1.0900 1.0900 
calibFactor:10=           1.0500 1.0500 1.0500 
calibFactor:11=           1.0030 1.0030 1.0030 
