## Path calibrado: /media/deep/6FA9D9FE47CE4DC3/calibrado-alinua/c1510 
## PARAMETROS IMAGEN
cx 		=			640.0
cy 		=			360.0

## PARAMETROS CALIBRADO
idCam:0=                          831612070293
idCam:1=                          829212071391
idCam:2=                          829212072264
idCam:3=                          728312070655
idCam:4=                          829212072262
idCam:5=                          815412070524
idCam:6=                          836612071402
idCam:7=                          848312070429
idCam:8=                          846112070086
idCam:9=                          728312070946
idCam:10=                          848312070416
idCam:11=                          848312070090
matCam:0=                         1.00000000000000000000000000000000,0.00000000000000000000000000000000,0.00000000000000000000000000000000,0.00000000000000000000000000000000,0.00000000000000000000000000000000,1.00000000000000000000000000000000,0.00000000000000000000000000000000,0.00000000000000000000000000000000,0.00000000000000000000000000000000,0.00000000000000000000000000000000,1.00000000000000000000000000000000,0.00000000000000000000000000000000,0.00000000000000000000000000000000,0.00000000000000000000000000000000,0.00000000000000000000000000000000,1.00000000000000000000000000000000
matCam:1=                         0.79641538858413696289062500000000,0.45291659235954284667968750000000,-0.40073487162590026855468750000000,0.27719539403915405273437500000000,-0.46991589665412902832031250000000,0.04637477919459342956542968750000,-0.88149195909500122070312500000000,0.81274425983428955078125000000000,-0.38065847754478454589843750000000,0.89034563302993774414062500000000,0.24976643919944763183593750000000,0.63047796487808227539062500000000,0.00000000000000000000000000000000,0.00000000000000000000000000000000,0.00000000000000000000000000000000,1.00000000000000000000000000000000
matCam:2=                         0.74874764680862426757812500000000,-0.47755476832389831542968750000000,-0.45969361066818237304687500000000,0.34159901738166809082031250000000,0.47451275587081909179687500000000,-0.09807287156581878662109375000000,0.87476795911788940429687500000000,-0.67741191387176513671875000000000,-0.46283328533172607421875000000000,-0.87311083078384399414062500000000,0.15317420661449432373046875000000,0.72903054952621459960937500000000,0.00000000000000000000000000000000,0.00000000000000000000000000000000,0.00000000000000000000000000000000,1.00000000000000000000000000000000
matCam:3=                         0.63934296369552612304687500000000,0.06804732978343963623046875000000,-0.76590448617935180664062500000000,0.61697489023208618164062500000000,-0.01213223394006490707397460937500,-0.99505954980850219726562500000000,-0.09853404760360717773437500000000,0.11965559422969818115234375000000,-0.76882547140121459960937500000000,0.07228925824165344238281250000000,-0.63535916805267333984375000000000,1.36431884765625000000000000000000,0.00000000000000000000000000000000,0.00000000000000000000000000000000,0.00000000000000000000000000000000,1.00000000000000000000000000000000
matCam:4=                         0.82623368501663208007812500000000,-0.37470516562461853027343750000000,0.42063510417938232421875000000000,-0.70676177740097045898437500000000,-0.47209155559539794921875000000000,-0.05316793918609619140625000000000,0.87994462251663208007812500000000,-0.67374849319458007812500000000000,-0.30735552310943603515625000000000,-0.92561817169189453125000000000000,-0.22082422673702239990234375000000,1.17676734924316406250000000000000,0.00000000000000000000000000000000,0.00000000000000000000000000000000,0.00000000000000000000000000000000,1.00000000000000000000000000000000
matCam:5=                         0.81684112548828125000000000000000,0.41228234767913818359375000000000,0.40347683429718017578125000000000,-0.76077085733413696289062500000000,0.44504585862159729003906250000000,-0.00538863986730575561523437500000,-0.89549142122268676757812500000000,0.76971209049224853515625000000000,-0.36702111363410949707031250000000,0.91103988885879516601562500000000,-0.18788619339466094970703125000000,1.06791639328002929687500000000000,0.00000000000000000000000000000000,0.00000000000000000000000000000000,0.00000000000000000000000000000000,1.00000000000000000000000000000000
matCam:6=                         -0.06968723237514495849609375000000,-0.68145239353179931640625000000000,0.72853660583496093750000000000000,-1.06159377098083496093750000000000,0.99737846851348876953125000000000,-0.03333043679594993591308593750000,0.06422643363475799560546875000000,0.01314175128936767578125000000000,-0.01948475278913974761962890625000,0.73110270500183105468750000000000,0.68198853731155395507812500000000,0.39233610033988952636718750000000,0.00000000000000000000000000000000,0.00000000000000000000000000000000,0.00000000000000000000000000000000,1.00000000000000000000000000000000
matCam:7=                         0.03408764675259590148925781250000,-0.99697053432464599609375000000000,0.06991070508956909179687500000000,-0.42617580294609069824218750000000,-0.99912369251251220703125000000000,-0.03569304943084716796875000000000,-0.02184631861746311187744140625000,0.10424590110778808593750000000000,0.02427543327212333679199218750000,-0.06910479068756103515625000000000,-0.99731385707855224609375000000000,1.90426325798034667968750000000000,0.00000000000000000000000000000000,0.00000000000000000000000000000000,0.00000000000000000000000000000000,1.00000000000000000000000000000000
matCam:8=                         0.36066138744354248046875000000000,0.20250768959522247314453125000000,0.91044688224792480468750000000000,-1.65708959102630615234375000000000,-0.20676942169666290283203125000000,0.96921521425247192382812500000000,-0.13367049396038055419921875000000,0.31331801414489746093750000000000,-0.90948832035064697265625000000000,-0.14004276692867279052734375000000,0.39143070578575134277343750000000,1.14595770835876464843750000000000,0.00000000000000000000000000000000,0.00000000000000000000000000000000,0.00000000000000000000000000000000,1.00000000000000000000000000000000
matCam:9=                         0.92212271690368652343750000000000,-0.21962487697601318359375000000000,-0.31851792335510253906250000000000,-0.59902989864349365234375000000000,-0.26229313015937805175781250000000,-0.96006327867507934570312500000000,-0.09736476093530654907226562500000,0.32167905569076538085937500000000,-0.28441399335861206054687500000000,0.17332752048969268798828125000000,-0.94290220737457275390625000000000,2.20297288894653320312500000000000,0.00000000000000000000000000000000,0.00000000000000000000000000000000,0.00000000000000000000000000000000,1.00000000000000000000000000000000
matCam:10=                         0.56284701824188232421875000000000,-0.66361093521118164062500000000000,0.49277091026306152343750000000000,-1.26662135124206542968750000000000,-0.61522150039672851562500000000000,0.06179377064108848571777343750000,0.78592824935913085937500000000000,-0.39871779084205627441406250000000,-0.55200111865997314453125000000000,-0.74552029371261596679687500000000,-0.37348717451095581054687500000000,1.81433641910552978515625000000000,0.00000000000000000000000000000000,0.00000000000000000000000000000000,0.00000000000000000000000000000000,1.00000000000000000000000000000000
matCam:11=                         0.73182845115661621093750000000000,0.67981505393981933593750000000000,0.04772932827472686767578125000000,-0.99543869495391845703125000000000,0.10538186132907867431640625000000,-0.04369395226240158081054687500000,-0.99347114562988281250000000000000,1.02929711341857910156250000000000,-0.67329138517379760742187500000000,0.73208010196685791015625000000000,-0.10361677408218383789062500000000,1.53590476512908935546875000000000,0.00000000000000000000000000000000,0.00000000000000000000000000000000,0.00000000000000000000000000000000,1.00000000000000000000000000000000

## FACTORES FOCALES
calibFactor:0=           1.0300 1.0300 1.0300 
calibFactor:1=           0.9450 0.9450 0.9450 
calibFactor:2=           1.0000 1.0000 1.0000 
calibFactor:3=           0.9800 0.9800 0.9800 
calibFactor:4=           1.0000 1.0000 1.0000 
calibFactor:5=           1.0000 1.0000 1.0000 
calibFactor:6=           0.9900 0.9900 0.9900 
calibFactor:7=           1.0300 1.0300 1.0300 
calibFactor:8=           0.9900 0.9900 0.9900 
calibFactor:9=           1.0900 1.0900 1.0900 
calibFactor:10=           1.0500 1.0500 1.0500 
calibFactor:11=           1.0030 1.0030 1.0030 
